1223209988
1651049266
1223211995
1792774868
1422596930
1422598919
660959958
1223211937
1425910518
1408154683
1422693564
1686556807
1636073462
1422598279
2135981482
1223211955
2977604438
1223211619
1416857591
1223211947
1651066779
1777577709
2791910141
3145105560
4663169625
1408157539
1223210704
1408187261
2753422389
2676841864
1223211358
1425910444
1422597509
4663120473
1426683704
1408155283
2145311602
1411859353
1616456448
1422597807
4087161432
2026666386
858503143
858502768
1422599032
3902828206
1426683837
2888323832
1408157138
1223211177
